car 0.00 0 -1.59 592.08 176.5 637.55 219.52 1.5260835 1.6285899 3.8839545 0.10345736 1.5450575 22.417183 -1.5827162 1.0
car 0.00 0 -1.27 895.35 158.55 1241.0 374.0 1.5260835 1.6285899 3.8839545 4.0748496 1.6056467 6.5023556 -0.70380825 1.0
car 0.00 0 -1.13 817.68 176.9 1038.04 302.31 1.5260835 1.6285899 3.8839545 0.092310354 0.7953091 0.3421761 -0.71453667 1.0
car 0.00 0 -1.01 749.97 177.62 940.82 262.93 1.5260835 1.6285899 3.8839545 3.6229339 1.5039204 11.264706 -0.6940944 1.0
car 0.00 0 1.73 489.07 180.53 521.27 201.03 1.5260835 1.6285899 3.8839545 -2.5525725 1.1914563 17.226929 1.5863208 1.0
car 0.00 0 1.9 302.47 188.9 409.18 250.55 1.5260835 1.6285899 3.8839545 -6.6097517 1.9733284 18.623041 1.5618491 1.0
car 0.00 0 -0.87 682.53 173.56 796.81 220.86 1.5260835 1.6285899 3.8839545 3.8378775 1.4930323 21.612366 -0.6915931 1.0
car 0.00 0 -0.94 659.69 174.94 745.56 209.34 1.5260835 1.6285899 3.8839545 2.7281199 1.3411504 21.612366 -0.8117258 1.0
car 0.00 0 1.8 434.34 175.49 472.4 199.91 1.5260835 1.6285899 3.8839545 -6.4063177 1.3666397 29.315622 1.5868217 1.0
car 0.00 0 1.79 456.14 177.0 487.16 197.96 1.5260835 1.6285899 3.8839545 -5.6635427 1.3577005 29.315622 1.6011451 1.0
car 0.00 0 1.81 412.71 177.61 437.08 195.86 1.5260835 1.6285899 3.8839545 -7.563348 1.3274286 29.315622 1.5594463 1.0
