car 0.00 0 -1.59 592.08 176.5 637.55 219.52 1.5260835 1.6285899 3.8839545 0.1322105 1.6826829 26.364624 -1.5827162 1.0
car 0.00 0 -1.27 895.35 158.55 1241.0 374.0 1.5260835 1.6285899 3.8839545 3.2530415 1.4382427 5.2094088 -0.70380825 1.0
car 0.00 0 -1.13 817.68 176.9 1038.04 302.31 1.5260835 1.6285899 3.8839545 2.6452107 1.330679 6.1292005 -0.71453667 1.0
car 0.00 0 -1.01 749.97 177.62 940.82 262.93 1.5260835 1.6285899 3.8839545 3.046716 1.3880566 9.501771 -0.6940944 1.0
car 0.00 0 1.73 489.07 180.53 521.27 201.03 1.5260835 1.6285899 3.8839545 -8.310312 2.1801898 57.024357 1.5863208 1.0
car 0.00 0 1.9 302.47 188.9 409.18 250.55 1.5260835 1.6285899 3.8839545 -5.7741675 1.8189753 16.246912 1.5618491 1.0
car 0.00 0 -0.87 682.53 173.56 796.81 220.86 1.5260835 1.6285899 3.8839545 4.4183903 1.601701 24.831636 -0.6915931 1.0
car 0.00 0 -0.94 659.69 174.94 745.56 209.34 1.5260835 1.6285899 3.8839545 3.2224407 1.4435884 25.444832 -0.8117258 1.0
car 0.00 0 1.8 434.34 175.49 472.4 199.91 1.5260835 1.6285899 3.8839545 -12.537089 1.9493777 57.63755 1.5868217 1.0
car 0.00 0 1.79 456.14 177.0 487.16 197.96 1.5260835 1.6285899 3.8839545 -10.900982 1.913158 56.71776 1.6011451 1.0
car 0.00 0 1.81 412.71 177.61 437.08 195.86 1.5260835 1.6285899 3.8839545 -14.654889 1.8604913 57.024357 1.5594463 1.0
